<<PMCA SPECTRUM>>
TAG - live_data
DESCRIPTION - 
GAIN - 3
THRESHOLD - 0
LIVE_MODE - 0
PRESET_TIME - 0
LIVE_TIME - 75.786000
REAL_TIME - 76.015000
START_TIME - 05/15/2025 16:33:56
SERIAL_NUMBER - 0
<<CALIBRATION>>
LABEL - mV
205.5 1000
1845.75 9000
<<DATA>>
0
0
0
0
0
0
0
0
0
0
0
0
0
0
0
0
0
0
0
0
0
0
0
0
0
0
0
0
0
0
0
0
0
0
0
0
0
0
0
0
0
0
0
0
0
0
0
0
0
0
0
0
0
0
0
0
0
0
0
0
0
0
0
0
0
0
0
0
0
0
0
0
0
0
0
0
0
0
0
0
0
0
0
0
0
0
0
0
0
0
0
0
0
0
0
0
0
0
0
0
0
0
0
0
0
0
0
0
0
0
0
0
0
0
0
0
0
0
0
0
0
0
0
0
0
0
0
0
0
0
0
0
0
0
0
0
0
0
0
0
0
0
0
0
0
0
0
0
0
0
0
0
0
0
0
0
0
0
0
0
0
0
0
0
41
33
37
40
44
36
27
35
39
23
24
24
28
28
35
34
32
18
21
30
29
26
35
30
30
37
22
33
19
23
31
28
34
38
28
25
31
29
25
32
19
30
25
22
26
26
28
29
23
22
24
38
20
18
21
29
27
18
21
26
25
31
20
27
21
26
28
35
20
31
35
24
26
32
26
33
27
31
27
37
30
34
29
22
28
29
32
28
35
33
25
34
29
30
31
36
31
32
21
25
32
32
33
36
26
39
35
37
32
29
37
30
42
41
31
32
42
29
31
32
44
33
33
25
32
34
30
35
29
31
39
32
23
28
36
51
28
36
45
26
41
40
41
37
33
38
35
34
35
36
44
33
41
42
51
31
36
36
44
45
32
44
43
43
42
41
43
39
46
51
38
50
49
47
29
27
40
35
40
40
46
48
38
32
57
44
46
39
37
47
39
49
50
40
36
52
38
55
52
58
51
46
49
39
45
54
50
48
46
49
52
53
57
53
63
55
57
47
53
63
53
57
62
55
68
56
60
67
71
47
60
68
69
59
60
80
60
67
52
53
62
67
75
89
79
65
71
60
75
82
66
77
76
61
69
59
74
60
83
67
60
84
73
72
75
83
86
82
97
82
78
92
64
99
87
54
69
78
63
79
88
96
95
71
80
87
73
91
83
89
92
68
92
91
97
97
100
105
80
88
86
89
74
76
84
81
97
71
93
99
96
76
86
67
92
94
67
84
72
72
86
80
65
92
70
67
94
86
75
90
83
71
85
84
61
70
78
81
87
90
74
77
85
86
83
71
71
67
83
88
78
79
66
76
64
81
68
80
90
61
69
75
78
74
73
71
59
76
75
67
86
75
82
72
66
68
78
66
75
72
62
73
69
65
64
73
67
55
66
72
77
85
75
60
75
77
70
67
72
49
59
65
67
69
79
66
56
61
79
71
68
67
65
52
58
59
63
58
64
66
67
67
65
72
57
53
46
49
73
74
48
57
58
65
62
53
54
58
62
62
67
56
66
63
64
49
61
55
54
57
41
64
58
63
62
61
52
64
65
58
66
61
65
57
67
47
70
59
56
64
52
56
54
62
59
47
58
57
69
50
54
53
53
62
57
53
82
62
52
50
57
52
62
63
66
63
45
64
50
67
59
55
53
46
59
71
62
57
62
68
66
51
63
61
58
65
61
51
57
61
58
54
70
55
53
60
69
74
49
60
65
72
68
55
57
49
51
59
53
70
54
61
48
65
45
58
49
71
60
57
69
49
61
68
72
61
53
53
53
65
68
62
51
75
60
47
55
72
45
57
69
67
63
57
56
49
63
59
53
54
69
57
65
53
61
61
56
67
58
56
60
68
64
53
59
63
46
57
52
64
42
49
51
48
54
48
57
61
35
53
53
48
46
45
49
56
37
50
46
31
39
37
48
52
48
41
34
40
48
47
52
37
33
49
34
48
39
40
48
33
25
28
36
27
28
27
33
29
24
30
36
26
27
19
24
30
28
17
28
24
29
22
26
27
13
26
19
14
19
18
19
25
6
9
26
19
12
23
17
12
20
17
15
19
8
10
14
16
13
14
9
9
19
16
6
6
10
13
9
9
10
12
5
12
6
5
8
8
12
7
8
8
7
5
7
11
2
7
1
3
2
3
7
2
5
3
7
5
7
3
5
6
4
8
7
5
7
3
5
2
3
10
4
2
3
3
1
2
6
1
3
4
1
3
1
2
1
2
2
1
5
2
1
1
4
2
0
1
1
1
1
1
0
0
1
0
0
1
1
1
0
1
2
0
1
0
3
0
1
1
2
2
1
0
0
0
4
0
0
0
1
2
3
0
1
0
0
2
2
1
1
0
1
0
0
0
0
0
1
2
0
1
1
0
0
0
1
0
0
0
1
1
0
1
0
1
0
0
0
0
0
1
0
0
0
0
0
0
0
1
0
0
0
0
0
3
0
0
1
0
1
0
0
0
1
0
0
0
0
0
1
0
0
0
1
0
1
0
0
0
0
1
0
0
1
1
0
0
0
0
0
0
0
0
1
0
1
0
0
0
1
0
1
0
0
0
1
0
0
0
0
0
0
1
0
0
0
2
0
0
1
0
0
0
0
0
0
0
0
0
0
0
0
0
0
0
0
1
0
2
0
1
0
0
0
0
1
0
0
1
0
0
0
0
0
0
0
0
1
0
0
0
0
0
1
0
0
0
0
0
0
0
0
0
0
0
1
0
0
0
0
0
0
0
0
0
0
0
0
0
0
0
0
1
0
0
0
0
0
0
0
0
0
0
0
0
0
0
1
0
0
0
0
0
0
0
0
0
0
0
0
0
0
0
0
0
0
0
0
0
0
0
1
0
0
0
0
0
0
0
0
0
0
0
0
0
0
0
0
0
1
0
0
0
0
0
0
0
0
0
0
0
0
0
0
0
0
0
0
0
1
0
0
0
0
0
0
0
0
0
0
0
0
0
0
0
0
0
0
0
1
0
1
0
0
0
0
0
0
0
0
1
0
0
0
0
0
0
0
0
0
0
0
0
0
0
0
0
0
0
0
0
0
0
0
0
0
0
0
0
0
0
0
0
0
0
0
0
0
0
0
0
0
0
0
0
0
0
0
0
0
0
0
0
0
0
0
0
0
0
0
0
0
0
0
0
0
0
0
0
0
0
0
0
0
0
0
0
0
0
1
0
0
0
0
0
0
0
0
0
0
0
0
0
0
0
0
0
0
0
0
0
0
0
0
0
0
0
0
0
0
0
0
0
0
0
0
0
0
0
0
0
0
0
0
0
0
0
0
0
0
0
0
0
0
0
0
0
0
0
0
0
0
0
0
0
0
0
0
0
0
0
0
0
0
0
0
0
0
0
0
0
0
0
0
0
0
0
0
0
0
0
0
0
0
0
0
0
0
0
0
0
0
0
0
0
1
0
0
0
0
0
0
0
0
0
0
0
0
0
0
0
0
0
0
0
0
0
0
0
0
0
0
0
0
0
0
0
0
0
0
0
0
0
0
0
0
0
0
0
0
0
0
0
0
0
0
0
0
0
0
0
0
0
0
0
0
0
0
0
0
0
0
0
0
0
0
0
0
0
0
0
0
0
0
0
0
0
0
0
0
0
0
0
0
0
0
0
0
1
0
0
0
0
0
0
0
0
0
0
0
0
0
0
0
0
0
0
0
0
0
0
0
0
0
0
0
0
0
0
0
0
0
0
0
0
0
0
0
0
0
0
0
0
0
0
0
0
0
0
0
0
0
0
0
0
0
0
0
0
0
0
0
0
0
0
0
0
0
0
0
0
0
0
0
0
0
0
0
0
0
0
0
0
0
0
0
0
0
0
0
0
0
0
0
0
0
0
0
0
0
0
0
0
0
0
0
0
0
0
0
0
0
0
0
0
0
0
0
0
0
0
0
0
0
0
0
0
0
0
0
0
0
0
0
0
0
0
0
0
0
0
0
0
0
0
0
0
0
0
0
0
0
0
0
0
0
0
0
0
0
0
0
0
0
0
0
0
0
0
0
0
0
0
0
0
0
0
0
0
0
0
0
0
0
0
0
0
0
0
0
0
0
0
0
0
0
0
0
0
0
0
0
0
0
0
0
0
0
0
0
0
0
0
0
0
0
0
0
0
0
0
0
0
0
0
0
0
0
0
0
0
0
0
0
0
0
0
0
0
0
0
0
0
0
0
0
0
0
0
0
0
0
0
0
0
0
0
0
0
0
0
0
0
0
0
0
0
0
0
0
0
0
0
0
0
0
0
0
0
0
0
0
0
0
0
0
0
0
0
0
0
0
0
0
0
0
0
0
0
0
0
0
0
0
0
0
0
0
0
0
0
0
0
0
0
0
1
0
0
0
0
0
0
0
0
0
0
0
0
0
0
0
0
0
0
0
0
0
0
0
0
0
0
0
0
0
0
0
0
0
0
0
0
0
0
0
0
0
0
0
0
0
0
0
0
0
0
0
0
0
0
0
0
0
0
0
0
0
0
0
0
0
0
0
0
0
0
0
0
0
0
0
0
0
0
0
0
0
0
0
0
0
0
0
0
0
0
0
0
0
0
0
0
0
0
0
0
0
0
0
0
0
0
0
0
0
0
0
0
0
0
0
0
0
0
0
0
0
0
0
0
0
0
0
0
0
0
0
0
0
0
0
0
0
0
0
0
0
0
0
0
0
0
0
0
0
0
0
0
0
0
0
0
0
0
0
0
0
0
0
0
0
0
0
0
0
0
0
0
0
0
0
0
0
0
0
0
0
0
0
0
0
0
<<END>>
<<DP5 CONFIGURATION>>
RESC=?;    Reset Configuration
PURE=OFF;    PUR Interval On/Off
MCAS=NORM;    MCA Source
MCAC=2048;    MCA/MCS Channels
SOFF=OFF;    Set Spectrum Offset
GAIA=2;    Analog Gain Index
PDMD=NORM;    Peak Detect Mode (Min/Max)
THSL=7.995;    Slow Threshold
TLLD=OFF;    LLD Threshold
GATE=OFF;    Gate Control
AUO1=ICR;    AUX_OUT Selection
PRER=OFF;    Preset Real Time
PREL=240.000;    Preset Live Time
PREC=OFF;    Preset Counts
PRCL=0;    Preset Counts Low Threshold
PRCH=8191;    Preset Counts High Threshold
SCOE=RI;    Scope Trigger Edge
SCOT=87;    Scope Trigger Position
SCOG=1;    Digital Scope Gain
MCSL=0;    MCS Low Threshold
MCSH=8191;    MCS High Threshold
MCST=1.00;    MCS Timebase
AUO2=ICR;    AUX_OUT2 Selection
GPED=RI;    G.P. Counter Edge
GPIN=AUX1;    G.P. Counter Input
GPME=ON;    G.P. Counter Uses MCA_EN?
GPGA=ON;    G.P. Counter Uses GATE?
GPMC=ON;    G.P. Counter Cleared With MCA Counters?
MCAE=OFF;    MCA/MCS Enable
PDMD=NORM;
<<DP5 CONFIGURATION END>>
<<DPP STATUS>>
Device Type: MCA8000D
Serial Number: 794
Firmware: 6.08  Build:  6
FPGA: 1.08
Slow Count: 36642
GP Count: 0
Real Time: 76.015000
Live Time: 75.786000
Board Temp: 36°C
<<DPP STATUS END>>
