<<PMCA SPECTRUM>>
TAG - live_data
DESCRIPTION - 
GAIN - 3
THRESHOLD - 0
LIVE_MODE - 0
PRESET_TIME - 0
LIVE_TIME - 89.718000
REAL_TIME - 89.996000
START_TIME - 05/15/2025 16:36:05
SERIAL_NUMBER - 0
<<CALIBRATION>>
LABEL - mV
205.5 1000
1845.75 9000
<<DATA>>
0
0
0
0
0
0
0
0
0
0
0
0
0
0
0
0
0
0
0
0
0
0
0
0
0
0
0
0
0
0
0
0
0
0
0
0
0
0
0
0
0
0
0
0
0
0
0
0
0
0
0
0
0
0
0
0
0
0
0
0
0
0
0
0
0
0
0
0
0
0
0
0
0
0
0
0
0
0
0
0
0
0
0
0
0
0
0
0
0
0
0
0
0
0
0
0
0
0
0
0
0
0
0
0
0
0
0
0
0
0
0
0
0
0
0
0
0
0
0
0
0
0
0
0
0
0
0
0
0
0
0
0
0
0
0
0
0
0
0
0
0
0
0
0
0
0
0
0
0
0
0
0
0
0
0
0
0
0
0
0
0
0
0
0
0
0
0
0
0
0
0
0
0
0
0
0
0
0
0
0
0
0
0
0
0
0
0
0
0
0
0
0
0
0
0
0
0
0
0
0
0
0
0
0
0
37
31
38
26
42
41
38
33
36
46
29
21
26
41
29
19
24
23
28
17
33
32
41
31
34
33
21
26
23
26
24
27
29
30
30
24
21
21
21
23
26
23
24
26
30
24
17
21
20
21
24
27
28
29
25
20
22
24
18
24
30
23
13
24
23
25
19
28
25
23
25
19
19
21
33
24
21
24
16
24
23
17
22
29
23
25
25
23
28
19
22
24
19
31
28
32
24
19
15
31
34
18
25
16
19
31
26
28
29
28
23
24
29
21
22
22
21
32
26
30
20
27
26
33
20
21
29
25
30
23
31
36
22
24
23
19
29
39
23
27
25
30
30
37
24
26
32
22
27
27
26
32
32
28
31
26
40
28
27
35
40
23
41
28
34
20
28
45
33
29
32
34
30
21
34
27
47
42
32
33
27
36
35
24
26
35
31
37
41
39
33
36
34
38
38
50
34
42
37
41
31
30
30
34
33
40
50
43
39
46
44
34
34
37
34
42
34
39
41
37
31
35
39
21
46
45
41
41
35
39
38
51
39
46
45
37
38
48
57
49
43
36
36
43
48
43
46
33
48
47
51
44
52
40
42
45
40
35
60
48
52
51
33
40
57
38
41
49
56
46
45
50
38
45
45
48
63
40
50
63
56
58
62
40
54
62
56
65
47
39
47
69
44
69
70
65
66
62
64
67
52
58
42
72
71
49
58
44
68
70
58
57
53
65
62
62
73
55
68
64
66
73
71
55
59
62
72
68
78
56
63
69
68
77
90
84
66
78
70
59
66
69
76
64
77
68
76
72
68
62
76
91
84
71
72
76
94
75
78
59
87
74
84
59
77
76
90
76
75
97
75
66
70
79
81
87
77
76
92
84
93
64
95
69
72
73
61
81
70
82
78
84
91
74
81
80
83
76
76
99
80
80
95
97
83
72
81
88
84
76
73
92
84
78
78
84
92
74
76
85
71
89
96
83
75
79
67
76
87
82
79
76
84
87
73
70
81
90
87
84
71
73
83
76
76
74
63
80
76
80
90
81
73
81
56
86
93
78
73
80
88
98
90
68
76
64
74
81
93
76
67
65
90
65
83
71
89
67
77
72
80
79
70
84
69
79
67
81
72
67
81
68
84
59
78
78
80
93
66
56
56
63
60
73
70
58
65
66
80
68
68
74
67
63
60
75
69
75
64
78
86
68
74
65
67
62
74
71
59
71
68
60
82
69
58
71
68
61
78
60
72
58
66
70
60
67
59
66
74
63
54
58
70
56
68
71
64
76
70
69
67
63
70
66
67
72
48
61
59
82
72
60
54
75
71
66
66
59
64
64
60
59
57
48
65
54
61
71
58
63
61
65
67
64
56
67
67
48
60
58
70
51
75
72
67
68
66
60
61
67
57
65
72
46
61
70
66
51
70
58
54
62
61
67
59
51
71
65
55
61
63
76
52
60
51
66
52
63
78
66
57
52
55
50
59
52
71
52
61
74
57
59
45
59
54
71
53
62
67
46
49
58
63
61
57
63
56
45
68
44
58
45
58
68
49
54
56
50
66
53
53
59
51
65
48
50
45
65
63
66
54
69
59
56
45
50
49
65
62
51
52
55
51
66
50
51
67
51
79
57
65
59
62
48
45
52
51
57
48
56
64
51
53
56
49
58
55
43
38
53
40
47
49
46
41
49
49
55
48
51
48
57
52
62
52
59
48
45
44
54
44
46
45
63
63
47
52
43
56
42
37
42
41
43
39
58
45
48
40
51
41
47
51
41
36
37
43
33
46
32
45
41
46
36
26
37
52
35
34
46
41
46
29
40
40
40
35
39
30
26
26
37
41
44
25
31
26
25
39
33
34
36
35
39
31
32
28
29
37
27
34
31
27
29
23
20
21
21
18
25
23
32
18
27
16
26
21
10
25
33
21
16
23
17
24
20
29
22
18
22
17
14
16
19
17
13
14
20
13
11
15
19
15
15
11
16
17
21
12
11
9
12
13
14
12
13
10
6
15
9
6
13
10
11
13
10
8
10
6
10
10
5
5
7
6
12
6
8
3
5
15
7
3
10
9
7
5
2
9
4
4
6
6
8
3
6
3
2
5
1
3
1
3
6
3
5
4
7
2
6
5
7
4
3
2
4
6
1
2
5
3
3
2
3
2
3
1
1
2
1
1
2
4
3
3
6
2
0
1
0
0
4
2
1
1
1
1
3
5
1
1
1
0
1
0
0
1
1
0
2
0
3
3
1
2
4
0
2
2
2
0
2
2
1
2
0
2
3
0
0
2
2
1
0
0
3
0
0
2
0
0
1
2
2
1
1
2
1
0
0
1
0
2
1
1
0
0
0
0
2
1
0
5
0
1
0
0
0
1
0
0
0
0
0
0
0
0
0
0
0
0
1
1
1
0
2
0
1
1
1
0
2
2
0
0
0
0
0
0
1
0
0
0
0
0
0
0
0
0
0
0
0
1
1
0
1
1
0
0
0
1
0
0
0
0
2
0
0
0
0
0
1
0
0
0
0
0
0
1
0
0
1
0
0
0
0
0
0
1
2
0
0
0
0
0
0
0
0
0
0
1
1
0
0
0
1
0
0
0
1
0
0
0
0
0
0
2
0
1
0
0
0
0
1
0
0
0
0
0
0
0
0
0
0
0
1
0
0
0
0
0
0
0
0
0
0
0
0
0
0
0
0
0
0
0
0
0
0
0
0
0
0
0
0
0
0
0
0
0
0
1
0
0
0
0
0
2
0
0
2
0
0
0
0
0
0
0
1
0
0
0
1
0
0
1
0
0
0
0
0
0
0
0
0
1
0
0
0
0
0
0
0
0
0
0
1
0
0
1
0
0
0
0
0
0
0
0
0
0
0
0
0
0
0
0
0
0
0
0
0
0
0
0
0
0
0
0
0
0
0
0
0
0
0
0
1
0
0
0
0
0
0
0
0
0
0
0
0
0
0
0
0
0
0
0
0
0
0
0
0
0
0
0
0
0
0
0
0
0
0
0
0
0
0
0
0
0
0
0
0
0
0
0
0
0
0
0
0
0
0
0
0
0
0
0
0
0
0
0
1
0
0
0
0
0
0
0
0
0
0
0
0
0
0
0
0
0
0
0
0
0
0
0
0
0
0
0
0
0
0
0
0
0
0
0
0
0
0
0
0
0
0
0
0
0
0
1
0
0
0
0
0
0
0
0
0
0
0
0
0
0
0
0
0
0
0
0
0
0
0
0
0
0
0
0
0
0
0
0
0
0
0
0
0
0
0
0
0
0
0
0
0
0
0
0
0
0
0
0
0
0
0
0
0
0
0
0
0
0
0
0
0
0
0
0
0
0
0
0
0
0
0
0
0
0
0
0
0
0
0
0
0
0
0
0
0
0
0
0
0
0
0
0
0
0
0
0
0
0
0
0
0
0
0
0
0
0
0
0
0
0
0
0
0
0
0
0
0
0
0
0
0
0
0
0
0
0
0
0
0
0
0
0
0
0
0
0
0
0
0
0
0
0
0
0
0
0
0
0
0
0
0
0
0
0
0
0
0
0
0
0
0
0
0
0
0
0
0
0
0
0
0
0
0
0
0
0
0
0
0
0
0
0
0
0
0
0
0
0
0
0
0
0
0
0
0
0
0
0
0
0
0
0
0
0
0
0
0
0
0
0
0
0
0
0
1
0
0
0
0
0
0
0
0
0
0
0
0
0
0
0
0
0
0
0
0
0
0
0
0
0
0
0
0
0
0
0
0
0
0
0
0
0
0
0
0
0
0
0
0
0
0
0
0
0
0
0
0
0
0
0
0
0
0
0
0
0
0
0
0
0
0
0
0
0
0
0
0
0
0
0
0
0
0
0
0
0
0
0
0
0
0
0
0
0
0
0
0
0
0
0
0
0
0
0
0
0
0
0
0
0
0
0
0
0
0
0
0
0
0
0
0
0
0
0
0
0
0
0
0
0
0
0
0
0
0
0
0
0
0
0
0
0
0
0
0
0
0
0
0
0
0
0
0
0
0
0
0
0
0
0
0
0
0
0
0
0
0
0
0
0
0
0
0
0
0
0
0
0
0
0
0
0
0
0
0
0
0
0
0
0
0
0
0
0
0
0
0
0
0
0
0
0
0
0
0
0
0
0
0
0
0
0
0
0
0
0
0
0
0
0
0
0
0
0
0
0
0
0
0
0
0
0
<<END>>
<<DP5 CONFIGURATION>>
RESC=?;    Reset Configuration
PURE=OFF;    PUR Interval On/Off
MCAS=NORM;    MCA Source
MCAC=2048;    MCA/MCS Channels
SOFF=OFF;    Set Spectrum Offset
GAIA=2;    Analog Gain Index
PDMD=NORM;    Peak Detect Mode (Min/Max)
THSL=9.997;    Slow Threshold
TLLD=OFF;    LLD Threshold
GATE=OFF;    Gate Control
AUO1=ICR;    AUX_OUT Selection
PRER=OFF;    Preset Real Time
PREL=240.000;    Preset Live Time
PREC=OFF;    Preset Counts
PRCL=0;    Preset Counts Low Threshold
PRCH=8191;    Preset Counts High Threshold
SCOE=RI;    Scope Trigger Edge
SCOT=87;    Scope Trigger Position
SCOG=1;    Digital Scope Gain
MCSL=0;    MCS Low Threshold
MCSH=8191;    MCS High Threshold
MCST=1.00;    MCS Timebase
AUO2=ICR;    AUX_OUT2 Selection
GPED=RI;    G.P. Counter Edge
GPIN=AUX1;    G.P. Counter Input
GPME=ON;    G.P. Counter Uses MCA_EN?
GPGA=ON;    G.P. Counter Uses GATE?
GPMC=ON;    G.P. Counter Cleared With MCA Counters?
MCAE=OFF;    MCA/MCS Enable
PDMD=NORM;
<<DP5 CONFIGURATION END>>
<<DPP STATUS>>
Device Type: MCA8000D
Serial Number: 794
Firmware: 6.08  Build:  6
FPGA: 1.08
Slow Count: 44734
GP Count: 0
Real Time: 89.996000
Live Time: 89.718000
Board Temp: 36°C
<<DPP STATUS END>>
