<<PMCA SPECTRUM>>
TAG - live_data
DESCRIPTION - 
GAIN - 3
THRESHOLD - 0
LIVE_MODE - 0
PRESET_TIME - 0
LIVE_TIME - 111.668000
REAL_TIME - 112.005000
START_TIME - 05/15/2025 16:38:45
SERIAL_NUMBER - 0
<<CALIBRATION>>
LABEL - mV
205.5 1000
1845.75 9000
<<DATA>>
0
0
0
0
0
0
0
0
0
0
0
0
0
0
0
0
0
0
0
0
0
0
0
0
0
0
0
0
0
0
0
0
0
0
0
0
0
0
0
0
0
0
0
0
0
0
0
0
0
0
0
0
0
0
0
0
0
0
0
0
0
0
0
0
0
0
0
0
0
0
0
0
0
0
0
0
0
0
0
0
0
0
0
0
0
0
0
0
0
0
0
0
0
0
0
0
0
0
0
0
0
0
0
0
0
0
0
0
0
0
0
0
0
0
0
0
0
0
0
0
0
0
0
0
0
0
0
0
0
0
0
0
0
0
0
0
0
0
0
0
0
0
0
0
0
0
0
0
0
0
0
0
0
0
0
0
0
0
0
0
0
0
0
0
0
0
0
0
0
0
0
0
0
0
0
0
0
0
0
0
0
0
0
0
0
0
0
0
0
0
0
0
0
0
0
0
0
0
0
0
0
0
0
0
0
0
0
0
0
0
0
0
0
0
0
0
0
0
0
0
0
0
0
0
0
0
0
0
0
0
0
0
0
0
0
0
0
0
0
0
0
0
0
0
0
0
0
0
0
0
0
0
0
0
0
0
0
0
0
0
0
0
0
0
0
0
15
48
31
32
36
23
26
38
34
23
30
32
27
29
31
31
24
32
28
25
30
30
25
29
21
27
25
30
28
26
24
26
24
35
23
31
23
25
30
23
36
26
26
32
20
23
29
22
24
24
25
24
27
30
26
23
27
19
28
23
31
23
19
30
27
20
22
28
24
31
18
24
20
24
20
19
26
28
31
26
20
24
18
24
31
29
33
16
24
24
22
24
30
30
21
24
20
27
26
27
21
26
29
25
25
26
22
25
19
25
20
38
27
27
25
31
21
24
26
27
28
20
17
18
21
28
26
21
25
22
24
21
24
29
29
20
26
23
29
18
30
29
29
31
31
26
33
27
26
19
30
23
24
15
33
31
22
30
22
26
31
24
24
34
26
29
28
30
30
32
24
37
24
18
37
26
30
31
24
28
36
26
36
16
37
26
33
28
27
30
25
41
30
36
34
40
28
27
31
25
26
42
34
33
26
23
26
27
46
34
33
38
39
30
27
31
35
33
33
36
30
40
39
28
29
39
38
37
34
34
42
42
33
41
36
50
39
38
53
41
33
30
38
31
53
38
37
37
43
32
42
32
43
44
34
34
27
35
35
44
36
50
40
41
50
54
56
41
39
50
45
35
43
36
36
38
41
43
43
35
50
39
54
40
38
44
48
48
34
54
41
57
43
35
39
44
44
39
49
52
41
45
52
48
46
48
53
50
55
40
48
50
45
60
55
59
44
48
52
53
58
54
50
52
55
53
47
53
48
47
51
50
50
53
55
57
57
53
45
46
40
43
50
47
66
58
53
43
51
50
55
47
46
43
54
44
57
43
51
66
55
58
48
57
60
46
50
52
49
65
67
61
73
68
72
41
60
64
70
64
58
53
66
63
65
63
68
79
57
60
57
52
78
68
67
71
61
63
79
77
64
74
64
70
74
77
65
65
55
69
81
74
72
61
65
72
79
81
78
59
77
71
77
83
69
78
71
74
76
82
59
78
75
79
71
85
91
74
70
72
77
81
73
79
73
81
82
88
87
91
79
68
71
62
76
74
78
72
68
73
80
97
78
85
90
66
94
83
71
87
83
80
70
76
79
80
78
87
74
98
90
76
79
65
93
82
80
70
73
101
84
84
92
75
80
87
69
90
85
103
90
84
83
85
95
68
67
93
91
81
100
81
81
83
94
97
72
90
92
83
84
81
85
92
87
99
90
82
96
77
81
93
78
87
95
78
68
79
81
93
96
93
81
62
69
75
87
80
69
86
79
81
79
82
96
72
83
74
85
88
93
87
77
92
78
83
102
83
86
101
91
92
93
78
87
88
73
74
64
94
80
87
64
87
68
101
84
78
74
84
88
79
78
77
78
99
84
85
81
85
89
72
63
67
88
88
91
65
79
68
80
83
75
78
71
78
71
74
88
89
85
76
96
82
88
71
74
68
83
75
85
80
55
74
81
75
85
78
80
79
63
66
80
83
83
70
93
68
65
88
78
75
75
83
72
75
77
71
65
66
88
80
78
69
62
79
65
68
68
67
64
65
59
62
73
62
75
71
49
76
62
69
82
88
58
57
62
77
62
67
71
63
66
70
83
65
75
64
73
77
60
67
74
70
70
72
83
60
65
75
55
72
73
62
68
61
74
69
60
68
61
69
77
61
69
55
67
65
71
69
82
67
66
57
78
60
65
59
65
65
59
78
51
59
72
51
70
62
64
57
68
74
59
64
60
68
73
76
58
56
72
67
62
77
63
52
59
72
68
71
65
63
57
65
55
74
67
53
78
56
66
56
62
71
60
43
63
59
62
63
66
61
54
56
64
59
45
67
56
61
66
67
57
52
61
58
66
62
58
52
51
57
59
74
59
68
58
39
51
59
58
52
51
54
60
61
58
41
57
31
56
52
49
65
47
60
40
54
48
55
49
66
44
58
57
65
53
53
52
49
43
60
49
67
39
58
61
57
50
68
49
49
48
48
56
58
40
66
41
52
59
45
47
44
54
49
59
52
45
41
36
50
43
33
35
50
47
51
51
53
61
51
52
48
48
56
37
46
49
37
41
44
38
38
36
38
46
48
42
50
40
41
50
41
51
41
50
38
41
40
34
51
41
39
41
37
45
32
40
30
35
54
37
36
41
31
38
41
46
35
38
38
33
32
45
36
46
46
34
40
36
23
36
35
40
35
46
37
29
29
22
34
31
32
28
37
27
34
20
32
24
28
26
25
27
36
32
31
30
25
37
30
33
33
36
33
30
24
32
24
26
23
27
23
28
26
20
32
23
24
24
18
22
18
20
26
25
22
31
16
26
16
23
27
29
19
18
22
21
12
14
20
23
19
19
20
16
8
16
16
25
11
22
21
11
20
15
11
15
18
31
18
6
8
14
18
15
9
19
14
17
17
12
10
15
13
11
18
15
18
14
9
15
9
12
19
13
11
6
5
7
8
12
12
6
9
9
15
10
7
8
13
9
11
11
11
6
4
4
11
9
7
7
5
5
5
10
9
3
4
6
4
5
5
9
4
5
12
11
2
3
10
4
5
5
3
6
6
4
2
4
4
8
3
6
4
6
4
4
4
5
5
5
3
2
1
4
3
5
3
2
4
1
3
6
1
3
3
3
1
2
3
3
3
1
3
5
3
2
1
0
3
2
0
0
2
2
3
5
3
2
2
2
6
0
2
2
0
4
1
1
1
1
0
3
0
0
1
0
1
3
0
2
1
1
0
1
1
1
0
1
0
1
0
1
1
2
2
2
2
0
0
2
0
2
0
1
3
0
0
0
0
0
0
1
1
1
0
1
2
0
1
1
1
0
1
0
0
1
2
0
0
0
0
3
0
0
1
1
0
0
1
0
0
2
1
1
2
0
0
0
0
0
0
0
0
0
2
0
0
1
0
0
1
1
1
0
0
3
1
0
0
1
0
0
0
0
1
0
1
0
0
2
1
1
0
1
0
1
0
0
0
1
0
0
0
0
2
0
1
1
1
0
0
1
0
1
0
0
0
0
1
0
1
0
0
1
1
0
0
0
0
0
1
0
0
0
0
0
0
1
2
0
0
0
0
0
0
0
0
0
1
0
0
1
0
0
1
0
0
0
0
0
0
0
1
0
0
1
0
0
0
1
1
0
2
0
1
1
2
0
0
0
0
0
0
1
0
0
0
0
0
0
0
0
0
0
0
0
0
0
0
1
0
0
1
0
0
0
0
0
2
0
1
0
0
0
0
0
1
0
0
0
1
1
3
1
0
0
0
0
0
2
1
0
0
0
0
0
0
1
0
0
0
1
0
1
0
0
0
0
0
0
0
0
1
1
0
0
0
0
0
1
0
0
0
0
0
0
0
0
0
0
1
0
0
0
0
0
0
0
0
3
1
0
0
0
0
0
0
0
0
0
0
0
0
0
1
0
0
0
0
0
0
0
2
0
0
0
0
0
1
0
0
1
0
0
0
0
0
0
0
0
1
0
0
1
0
0
0
0
1
0
0
0
0
0
0
1
0
0
0
0
0
1
0
2
0
1
0
0
0
0
0
0
0
0
0
1
0
0
1
0
0
0
0
0
0
0
0
0
1
0
0
0
0
0
0
0
0
1
0
0
1
0
0
0
1
0
0
1
0
0
0
0
0
0
0
0
0
0
0
0
0
0
0
0
0
0
0
0
0
0
0
0
0
0
0
0
0
0
1
0
0
0
0
0
0
0
0
0
0
0
0
0
0
0
0
0
0
0
0
0
0
0
1
0
0
0
0
0
0
0
0
0
0
0
0
0
0
0
0
0
0
0
0
0
0
1
0
0
0
0
0
1
0
0
0
0
0
0
0
0
1
0
0
0
0
0
0
0
1
0
0
0
0
0
0
0
0
0
0
0
0
0
0
0
0
0
0
0
0
0
0
0
0
0
0
0
0
0
0
0
0
0
0
0
0
0
0
0
0
0
0
0
0
0
0
0
0
0
0
0
0
0
0
0
0
0
0
0
0
0
0
0
0
0
0
0
0
0
0
0
0
0
0
0
0
0
0
0
0
0
0
0
0
0
0
0
0
0
0
<<END>>
<<DP5 CONFIGURATION>>
RESC=?;    Reset Configuration
PURE=OFF;    PUR Interval On/Off
MCAS=NORM;    MCA Source
MCAC=2048;    MCA/MCS Channels
SOFF=OFF;    Set Spectrum Offset
GAIA=2;    Analog Gain Index
PDMD=NORM;    Peak Detect Mode (Min/Max)
THSL=13.000;    Slow Threshold
TLLD=OFF;    LLD Threshold
GATE=OFF;    Gate Control
AUO1=ICR;    AUX_OUT Selection
PRER=OFF;    Preset Real Time
PREL=240.000;    Preset Live Time
PREC=OFF;    Preset Counts
PRCL=0;    Preset Counts Low Threshold
PRCH=8191;    Preset Counts High Threshold
SCOE=RI;    Scope Trigger Edge
SCOT=87;    Scope Trigger Position
SCOG=1;    Digital Scope Gain
MCSL=0;    MCS Low Threshold
MCSH=8191;    MCS High Threshold
MCST=1.00;    MCS Timebase
AUO2=ICR;    AUX_OUT2 Selection
GPED=RI;    G.P. Counter Edge
GPIN=AUX1;    G.P. Counter Input
GPME=ON;    G.P. Counter Uses MCA_EN?
GPGA=ON;    G.P. Counter Uses GATE?
GPMC=ON;    G.P. Counter Cleared With MCA Counters?
MCAE=OFF;    MCA/MCS Enable
PDMD=NORM;
<<DP5 CONFIGURATION END>>
<<DPP STATUS>>
Device Type: MCA8000D
Serial Number: 794
Firmware: 6.08  Build:  6
FPGA: 1.08
Slow Count: 55378
GP Count: 0
Real Time: 112.005000
Live Time: 111.668000
Board Temp: 36°C
<<DPP STATUS END>>
